Step	Training Loss
1	1.784100
2	1.782500
3	1.775700
4	1.798300
5	1.778600
6	1.785700
7	1.791700
8	1.766100
9	1.839600
10	1.776500
11	1.815800
12	1.737600
13	1.829800
14	1.819900
15	1.781300
16	1.852500
17	1.838800
18	1.749500
19	1.741500
20	1.860000
21	1.813500
22	1.767700
23	1.840100
24	1.797600
25	1.826800
26	1.787700
27	1.797900
28	1.843900
29	1.816700
30	1.759300
31	1.776700
32	1.776600
33	1.767500
34	1.754200
35	1.754400
36	1.825800
37	1.747300
38	1.778400
39	1.764100
40	1.799100
41	1.774400
42	1.742800
43	1.752700
44	1.743700
45	1.764200
46	1.760600
47	1.712600
48	1.735600
49	1.774000
50	1.750400
51	1.733900
52	1.749000
53	1.709900
54	1.767600
55	1.720800
56	1.712800
57	1.719400
58	1.673900
59	1.712400
60	1.742600
61	1.739600
62	1.702300
63	1.682300
64	1.667600
65	1.679900
66	1.701600
67	1.660300
68	1.647300
69	1.685900
70	1.658800
71	1.620100
72	1.665800
73	1.664900
74	1.617100
75	1.675800
76	1.628500
77	1.626800
78	1.665500
79	1.557400
80	1.648600
81	1.547700
82	1.562600
83	1.520800
84	1.553700
85	1.534000
86	1.528800
87	1.506600
88	1.530200
89	1.514600
90	1.492200
91	1.479200
92	1.474000
93	1.421800
94	1.447100
95	1.476400
96	1.420900
97	1.417800
98	1.431600
99	1.381200
100	1.326400
101	1.402100
102	1.391200
103	1.333400
104	1.326400
105	1.354500
106	1.310700
107	1.321000
108	1.263100
109	1.248700
110	1.303400
111	1.286600
112	1.243800
113	1.305800
114	1.230800
115	1.234600
116	1.241800
117	1.224800
118	1.215500
119	1.210200
120	1.154100
121	1.216100
122	1.191400
123	1.201200
124	1.211200
125	1.169200
126	1.175000
127	1.209300
128	1.108900
129	1.136300
130	1.121800
131	1.099700
132	1.136000
133	1.089600
134	1.113800
135	1.149400
136	1.108800
137	1.096600
138	1.065400
139	1.075800
140	1.077400
141	1.101000
142	1.100700
143	1.095200
144	1.060500
145	1.054100
146	1.018200
147	1.037000
148	1.067300
149	1.096100
150	1.035000
151	1.032400
152	1.056100
153	1.089600
154	1.039700
155	1.055000
156	1.029100
157	1.034700
158	1.004500
159	1.047000
160	1.070400
161	1.033000
162	1.002300
163	1.054500
164	1.043400
165	1.029300
166	1.029900
167	1.039000
168	1.016600
169	1.013100
170	1.041100
171	0.984100
172	0.977600
173	1.015600
174	1.041500
175	1.001600
176	1.060400
177	1.002300
178	0.993600
179	0.998800
180	0.998000
181	0.994200
182	1.003600
183	1.027300
184	1.006600
185	0.982800
186	1.012700
187	0.991500
188	1.015900
189	1.005600
190	0.982400
191	1.006500
192	0.966900
193	0.981600
194	0.982700
195	1.035600
196	0.980900
197	0.962000
198	0.951200
199	0.989400
200	0.991300
201	0.952700
202	0.949700
203	0.969800
204	0.947300
205	0.986800
206	0.995000
207	0.959400
208	0.952400
209	0.940900
210	0.994500
211	0.970000
212	0.976700
213	0.978900
214	0.978500
215	0.999900
216	0.949900
217	0.931000
218	0.949800
219	0.981800
220	0.981900
221	0.941300
222	0.940900
223	0.949100
224	0.991200
225	0.960600
226	0.971100
227	0.949900
228	0.929200
229	0.940300
230	1.001400
231	0.974900
232	0.969400
233	0.949200
234	0.947500
235	0.959700
236	0.976300
237	0.962200
238	0.964300
239	0.971300
240	0.938900
241	0.961600
242	1.006000
243	0.912200
244	0.955500
245	0.943000
246	0.988000
247	0.959300
248	0.980500
249	0.944000
250	0.972100
251	0.942900
252	0.958100
253	0.935300
254	0.951100
255	0.947600
256	0.954900
257	0.915200
258	0.945700
259	0.984100
260	0.997500
261	0.952700
262	0.966700
263	0.998200
264	0.970900
265	0.925500
266	0.964200
267	0.956200
268	0.950800
269	0.936100
270	0.935800
271	0.968000
272	0.930900
273	0.929600
274	0.926900
275	0.945000
276	0.957900
277	0.963200
278	0.981600
279	0.960700
280	0.984100
281	0.946000
282	0.968000
283	0.967700
284	0.935100
285	0.976300
286	0.912200
287	0.964600
288	0.932900
289	0.951800
290	0.961800
291	0.933600
292	0.966400
293	0.940200
294	0.956400
295	0.958900
296	0.932300
297	0.921900
298	0.906300
299	0.946900
300	0.941600
301	0.947100
302	0.944600
303	0.952400
304	0.944600
305	0.939100
306	0.909600
307	0.949300
308	0.979300
309	0.960500
310	0.938000
311	0.910300
312	0.967700
313	0.928500
314	0.944400
315	0.949500
316	0.964800
317	0.954500
318	0.958900
319	0.939500
320	0.906600
321	0.946400
322	0.937000
323	0.910800
324	0.965200
325	0.897100
326	0.961800
327	0.953300
328	0.958800
329	0.982800
330	0.937000
331	0.950900
332	0.923200
333	0.960700
334	0.944300
335	0.977400
336	0.920000
337	0.929500
338	0.904000
339	0.953000
340	0.978600
341	0.933300
342	0.899000
343	0.904000
344	0.958400
345	0.928400
346	0.934200
347	0.976800
348	0.939200
349	0.946400
350	0.902500
351	0.954700
352	0.936700
353	0.912200
354	0.928700
355	0.934100
356	0.973500
357	0.941600
358	0.958700
359	0.976500
360	0.954100
361	0.889000
362	0.895300
363	0.937000
364	0.947000
365	0.916000
366	0.931300
367	0.905300
368	0.937800
369	0.927800
370	0.938400
371	0.931100
372	0.919000
373	0.919500
374	0.937300
375	0.966600
376	0.939800
377	0.917900
378	0.944200
379	0.902900
380	0.896400
381	0.913800
382	0.908600
383	0.932300
384	0.968700
385	0.894700
386	0.966300
387	0.938800
388	0.949700
389	0.927600
390	0.919800
391	0.931000
392	0.917500
393	0.894500
394	0.945200
395	0.913900
396	0.909800
397	0.922100
398	0.900300
399	0.951100
400	0.927400
401	0.935700
402	0.943400
403	0.949800
404	0.915700
405	0.907500
406	0.909800
407	0.936700
408	0.960600
409	0.926300
410	0.887000
411	0.957800
412	0.914900
413	0.963800
414	0.953200
415	0.908500
416	0.928100
417	0.893400
418	0.950200
419	0.946400
420	0.916500
421	0.918800
422	0.936800
423	0.933500
424	0.935500
425	0.929900
426	0.927300
427	0.911200
428	0.894700
429	0.908900
430	0.965900
431	0.900400
432	0.910500
433	0.904800
434	0.944900
435	0.928600
436	0.926700
437	0.938200
438	0.911600
439	0.947400
440	0.946500
441	0.951400
442	0.915000
443	0.921800
444	0.929400
445	0.928300
446	0.937900
447	0.916300
448	0.892700
449	0.940600
450	0.918900
451	0.897700
452	0.909300
453	0.944300
454	0.941600
455	0.920500
456	0.908600
457	0.907100
458	0.952900
459	0.899700
460	0.906800
461	0.886000
462	0.949700
463	0.930700
464	0.945000
465	0.952200
466	0.901300
467	0.928300
468	0.946900
469	0.904800
470	0.928200
471	0.912600
472	0.895800
473	0.915000
474	0.930000
475	0.921500
476	0.914900
477	0.926600
478	0.925100
479	0.937300
480	0.909300
481	0.941000
482	0.897100
483	0.957200
484	0.942200
485	0.904500
486	0.913800
487	0.925600
488	0.878500
489	0.979000
490	0.906300
491	0.905300
492	0.927100
493	0.929200
494	0.949900
495	0.901900
496	0.918100
497	0.934600
498	0.919900
499	0.926300